#header lines
#header lines
#header lines
#header lines
#header lines
#header lines
#header lines
#header lines
#header lines
#header lines
0.0663248189937 42 -74
0.82421240201 -13 47
0.112295910088 -36 -94
0.8824112741 41 28
0.0742463145154 10 -96
0.978656353065 39 84
0.776256241208 -81 63
0.21449569853 -1 -57
0.259671705403 92 4
0.881974655598 -32 22
0.788364309442 -22 35
0.795617087788 79 83
0.0889283604913 -40 -53
0.498435646364 -10 17
0.800806509501 12 -25
0.67326250341 -65 87
0.0413612993996 -71 3
0.652007152261 -36 -18
0.438570914439 -87 -49
0.778181522411 50 83
0.144789939187 -32 -74
0.882538141963 -85 78
0.305057038354 69 -31
0.476760976094 58 36
0.553348186434 31 -65
0.256637601038 -95 -27
0.118085745397 18 86
0.553074964367 91 -76
0.928068748784 23 4
0.649896746014 27 -44
0.0362008799584 -60 79
0.782290022002 -86 -99
0.0846896226682 47 -10
0.499772983249 -43 -38
0.165877583337 100 -27
